#Coverage format
#Tue Nov 30 13:42:16 CET 2010
raster.pixelDensity19=1.389999884990894E11
raster.pixelDensity18=3.474999712477235E10
raster.pixelDensity17=8.687499281193087E9
raster.pixelDensity16=2.1718748202982717E9
raster.pixelDensity15=5.429687050745679E8
raster.tileWidth23=64
raster.tileHeight9=64
raster.pixelDensity14=1.3574217626864198E8
raster.tileWidth22=64
raster.tileHeight8=64
raster.pixelDensity13=3.3935544067160495E7
raster.tileHeight7=64
raster.pixelDensity12=8483886.016790124
raster.tileWidth21=64
raster.tileHeight6=64
raster.pixelDensity11=2120971.504197531
raster.tileWidth20=64
raster.tileHeight5=64
raster.pixelDensity10=530242.8760493827
raster.tileHeight4=64
raster.tileHeight3=64
raster.tileHeight2=64
raster.tileHeight1=64
raster.tileHeight0=64
format=Elevation
raster.tileWidth19=64
raster.tileWidth18=64
raster.tileWidth17=64
raster.tileWidth16=64
raster.tileWidth15=64
raster.tileWidth14=64
raster.tileWidth13=64
raster.tileWidth12=64
raster.tileWidth11=64
raster.tileWidth10=64
geoReference=GEOGCS["WGS_1984",DATUM["WGS_1984",SPHEROID["WGS_1984",6378137.0,298.257223563],TOWGS84[0.0,0.0,0.0,0.0,0.0,0.0,0.0]],PRIMEM["Greenwich",0.0],UNIT["Degrees",0.017453292519943295]]
raster.tileHeight23=64
raster.tileHeight22=64
raster.tileHeight21=64
raster.tileHeight20=64
raster.tileHeight19=64
raster.tileHeight18=64
raster.tileHeight17=64
raster.tileHeight16=64
raster.tileHeight15=64
raster.tileHeight14=64
raster.tileHeight13=64
raster.tileHeight12=64
name=Elevation
raster.tileHeight11=64
raster.tileHeight10=64
coverageType=elevation
raster.pixelDensity9=132560.71901234568
raster.pixelDensity8=33140.17975308642
raster.pixelDensity7=8285.044938271605
raster.pixelDensity6=2071.2612345679013
raster.pixelDensity5=517.8153086419753
raster.pixelDensity4=129.45382716049383
raster=true
raster.pixelDensity3=32.36345679012346
raster.pixelDensity2=8.090864197530864
raster.pixelDensity1=2.022716049382716
raster.pixelDensity0=0.505679012345679
raster.tileWidth9=64
raster.tileWidth8=64
raster.tileWidth7=64
raster.tileWidth6=64
raster.levelCount=24
raster.tileWidth5=64
raster.tileWidth4=64
raster.pixelDensity23=3.558399705576688E13
raster.tileWidth3=64
raster.pixelDensity22=8.89599926394172E12
raster.tileWidth2=64
raster.pixelDensity21=2.22399981598543E12
raster.tileWidth1=64
raster.pixelDensity20=5.559999539963575E11
raster.tileWidth0=64
