#Coverage format
#Fri Nov 19 09:23:43 CET 2010
raster.pixelDensity19=2.22399981598543E12
raster.pixelDensity18=5.559999539963575E11
raster.pixelDensity17=1.389999884990894E11
raster.pixelDensity16=3.474999712477235E10
raster.pixelDensity15=8.687499281193087E9
raster.tileWidth23=256
raster.tileHeight9=256
raster.pixelDensity14=2.1718748202982717E9
raster.tileWidth22=256
raster.tileHeight8=256
raster.pixelDensity13=5.429687050745679E8
raster.tileHeight7=256
raster.pixelDensity12=1.3574217626864198E8
raster.tileWidth21=256
raster.tileHeight6=256
raster.pixelDensity11=3.3935544067160495E7
raster.tileWidth20=256
raster.tileHeight5=256
raster.pixelDensity10=8483886.016790124
raster.tileHeight4=256
raster.tileHeight3=256
raster.tileHeight2=256
raster.tileHeight1=256
raster.tileHeight0=256
format=jpeg with separate alpha
raster.tileWidth19=256
raster.tileWidth18=256
raster.tileWidth17=256
raster.tileWidth16=256
raster.tileWidth15=256
raster.tileWidth14=256
raster.tileWidth13=256
raster.tileWidth12=256
raster.tileWidth11=256
raster.tileWidth10=256
geoReference=GEOGCS["WGS_1984",DATUM["WGS_1984",SPHEROID["WGS_1984",6378137.0,298.257223563],TOWGS84[0.0,0.0,0.0,0.0,0.0,0.0,0.0]],PRIMEM["Greenwich",0.0],UNIT["Degrees",0.017453292519943295]]
raster.tileHeight23=256
raster.tileHeight22=256
raster.tileHeight21=256
raster.tileHeight20=256
raster.tileHeight19=256
raster.tileHeight18=256
raster.tileHeight17=256
raster.tileHeight16=256
raster.tileHeight15=256
raster.tileHeight14=256
raster.tileHeight13=256
raster.tileHeight12=256
name=Image
raster.tileHeight11=256
raster.tileHeight10=256
coverageType=image
raster.pixelDensity9=2120971.504197531
raster.pixelDensity8=530242.8760493827
raster.pixelDensity7=132560.71901234568
raster.pixelDensity6=33140.17975308642
raster.pixelDensity5=8285.044938271605
raster.pixelDensity4=2071.2612345679013
raster=true
raster.pixelDensity3=517.8153086419753
raster.pixelDensity2=129.45382716049383
raster.pixelDensity1=32.36345679012346
raster.pixelDensity0=8.090864197530864
raster.tileWidth9=256
raster.tileWidth8=256
raster.tileWidth7=256
raster.tileWidth6=256
raster.levelCount=24
raster.tileWidth5=256
raster.tileWidth4=256
raster.pixelDensity23=5.693439528922701E14
raster.tileWidth3=256
raster.pixelDensity22=1.4233598822306753E14
raster.tileWidth2=256
raster.pixelDensity21=3.558399705576688E13
raster.tileWidth1=256
raster.pixelDensity20=8.89599926394172E12
raster.tileWidth0=256
